4423
4017
2062
872
6255
-502
7534
-1264
2819
-12
7321
4505
2306
-1866
5318
5918
6209
-1143
-983
2076
3444
299
3773
553
1527
6762
5711
6071
1193
7914
7403
-1336
-283
1057
6964
6774
1120
403
-1567
7861
-1938
5569
2322
4161
6604
3880
3638
7744
2866
3857
3316
1500
6850
7302
-423
-1256
-82
-764
1302
-1093
1497
3358
-377
-1670
5130
3122
168
639
1850
-1802
-1864
4927
-1785
4639
-1034
4879
-1265
6964
7249
6779
-984
2895
-1724
1568
7399
3606
6423
5971
2430
-1338
3104
1259
1545
7306
3409
6534
5316
-166
234
668
4705
5864
-1026
4216
1943
4052
6372
1564
3023
3962
4652
465
4651
5558
4102
1008
3305
7190
7673
3098
5343
3264
-1372
4284
3278
5391
2966
5255
7241
7478
1947
4032
335
1405
5078
4073
-1757
1359
2838
2001
6830
917
3718
1322
4890
3199
4904
3690
4031
3120
-713
-1382
-1085
-1603
7876
5133
5295
-686
-452
856
5973
2815
1094
6508
4863
-1635
-1253
4718
2332
2033
4983
6850
5350
-1900
388
4808
4988
1882
4011
7928
-277
1507
5691
532
1600
348
4216
17
-1157
399
3875
6319
43
4839
33
459
-1833
5505
-333
5522
-986
4187
5522
28
1967
1801
2573
5152
1313
7428
-1229
6931
1362
6438
5525
-1875
-822
651
1602
3878
-628
6946
7277
6552
7848
-662
-943
5986
5387
4485
4503
-603